4.051863857374392026e-04
4.051863857374392026e-04
4.051863857374392026e-04
4.051863857374392026e-04
8.103727714748784052e-04
4.051863857374392026e-04
1.620745542949756810e-03
4.051863857374392026e-04
8.103727714748784052e-04
4.051863857374392026e-04
4.051863857374392026e-04
4.051863857374392026e-04
8.103727714748784052e-04
4.051863857374392026e-04
8.103727714748784052e-04
8.103727714748784052e-04
4.051863857374392026e-04
4.051863857374392026e-04
2.228525121555915631e-02
8.103727714748784052e-04
4.051863857374392026e-04
8.103727714748784052e-04
1.215559157212317771e-03
4.051863857374392026e-04
1.215559157212317771e-03
8.103727714748784052e-04
4.051863857374392026e-04
1.620745542949756810e-03
4.051863857374392026e-04
4.051863857374392026e-04
8.103727714748784052e-04
4.051863857374392026e-04
1.620745542949756810e-03
4.051863857374392026e-04
1.215559157212317771e-03
8.103727714748784052e-04
8.103727714748784052e-04
8.103727714748784052e-04
4.051863857374392026e-04
4.051863857374392026e-04
2.025931928687196067e-03
4.051863857374392026e-04
8.103727714748784052e-04
8.103727714748784052e-04
2.025931928687196067e-03
4.051863857374392026e-04
4.051863857374392026e-04
4.051863857374392026e-04
1.620745542949756810e-03
2.836304700162074581e-03
4.051863857374392026e-04
8.103727714748784052e-04
4.051863857374392026e-04
8.103727714748784052e-04
4.051863857374392026e-04
4.051863857374392026e-04
4.051863857374392026e-04
4.051863857374392026e-04
4.051863857374392026e-04
4.051863857374392026e-04
4.051863857374392026e-04
8.103727714748784052e-04
4.051863857374392026e-04
4.051863857374392026e-04
4.051863857374392026e-04
4.051863857374392026e-04
4.051863857374392026e-04
4.051863857374392026e-04
4.051863857374392026e-04
4.051863857374392026e-04
4.051863857374392026e-04
4.051863857374392026e-04
2.431118314424635541e-03
4.051863857374392026e-04
4.051863857374392026e-04
8.103727714748784052e-04
8.103727714748784052e-04
4.051863857374392026e-04
4.051863857374392026e-04
2.025931928687196067e-03
7.293354943273906189e-03
4.051863857374392026e-04
4.051863857374392026e-04
8.103727714748784052e-04
4.051863857374392026e-04
4.051863857374392026e-04
4.051863857374392026e-04
4.051863857374392026e-04
8.103727714748784052e-04
4.051863857374392026e-04
4.051863857374392026e-04
4.051863857374392026e-04
4.051863857374392026e-04
4.051863857374392026e-04
4.051863857374392026e-04
4.051863857374392026e-04
4.051863857374392026e-04
8.103727714748784052e-04
8.103727714748784052e-04
8.103727714748784052e-04
8.103727714748784052e-04
4.051863857374392026e-04
8.103727714748784052e-04
8.103727714748784052e-04
1.215559157212317771e-03
4.051863857374392026e-04
4.051863857374392026e-04
2.025931928687196067e-03
4.051863857374392026e-04
4.051863857374392026e-04
4.051863857374392026e-04
4.051863857374392026e-04
6.077795786061588636e-03
4.051863857374392026e-04
4.051863857374392026e-04
4.051863857374392026e-04
4.051863857374392026e-04
4.051863857374392026e-04
4.051863857374392026e-04
1.620745542949756810e-03
4.051863857374392026e-04
3.646677471636953095e-03
4.051863857374392308e-02
4.051863857374392026e-04
4.051863857374392026e-04
4.051863857374392026e-04
1.215559157212317771e-03
4.051863857374392026e-04
4.051863857374392026e-04
4.051863857374392026e-04
4.051863857374392026e-04
4.051863857374392026e-04
1.215559157212317771e-03
1.418152350081037204e-02
4.051863857374392026e-04
4.051863857374392026e-04
1.215559157212317771e-03
4.051863857374392026e-04
4.051863857374392026e-04
4.051863857374392026e-04
4.051863857374392026e-04
8.103727714748784052e-04
4.051863857374392026e-04
4.051863857374392026e-04
1.215559157212317771e-03
4.051863857374392026e-04
4.051863857374392026e-04
3.646677471636953095e-03
2.025931928687196067e-03
4.051863857374392026e-04
4.051863857374392026e-04
4.051863857374392026e-04
4.051863857374392026e-04
4.051863857374392026e-04
5.672609400324149162e-03
4.051863857374392026e-04
4.051863857374392026e-04
4.051863857374392026e-04
4.051863857374392026e-04
8.103727714748784052e-04
4.051863857374392026e-04
4.862236628849271082e-03
4.051863857374392026e-04
4.051863857374392026e-04
4.051863857374392026e-04
4.051863857374392026e-04
4.051863857374392026e-04
4.051863857374392026e-04
4.051863857374392026e-04
8.103727714748784052e-04
4.051863857374392026e-04
1.620745542949756810e-03
8.103727714748784052e-04
4.051863857374392026e-04
4.051863857374392026e-04
4.051863857374392026e-04
4.051863857374392026e-04
4.051863857374392026e-04
4.051863857374392026e-04
1.620745542949756810e-03
4.051863857374392026e-04
4.051863857374392026e-04
4.051863857374392026e-04
4.051863857374392026e-04
1.620745542949756810e-03
1.215559157212317771e-03
4.051863857374392026e-04
2.188006482982171944e-02
4.051863857374392026e-04
4.051863857374392026e-04
1.215559157212317771e-03
4.051863857374392026e-04
8.103727714748784052e-04
4.051863857374392026e-04
1.215559157212317771e-03
4.051863857374392026e-04
1.215559157212317771e-03
8.103727714748784052e-04
4.051863857374392026e-04
4.051863857374392026e-04
4.051863857374392026e-04
4.051863857374392026e-04
4.051863857374392026e-04
8.103727714748784052e-04
8.103727714748784052e-04
1.620745542949756810e-03
4.051863857374392026e-04
4.051863857374392026e-04
1.620745542949756810e-03
4.051863857374392026e-04
8.103727714748784052e-04
4.051863857374392026e-04
4.051863857374392026e-04
3.565640194489465287e-02
4.051863857374392026e-04
4.051863857374392026e-04
4.051863857374392026e-04
4.051863857374392026e-04
4.051863857374392026e-04
1.620745542949756810e-03
8.103727714748784052e-04
8.103727714748784052e-04
4.051863857374392026e-04
4.051863857374392026e-04
4.051863857374392026e-04
4.051863857374392026e-04
1.620745542949756810e-03
4.051863857374392026e-04
1.215559157212317771e-03
2.431118314424635541e-03
4.051863857374392026e-04
4.051863857374392026e-04
4.051863857374392026e-04
4.051863857374392026e-04
1.215559157212317771e-03
4.051863857374392026e-04
4.051863857374392026e-04
4.051863857374392026e-04
4.051863857374392026e-04
8.103727714748784052e-04
4.051863857374392026e-04
2.025931928687196067e-03
4.051863857374392026e-04
4.051863857374392026e-04
4.051863857374392026e-04
4.051863857374392026e-04
4.051863857374392026e-04
4.051863857374392026e-04
1.215559157212317771e-03
4.051863857374392026e-04
4.051863857374392026e-04
2.025931928687196067e-03
4.051863857374392026e-04
4.051863857374392026e-04
4.051863857374392026e-04
4.051863857374392026e-04
4.051863857374392026e-04
4.051863857374392026e-04
8.103727714748784052e-04
8.103727714748784052e-04
4.051863857374392026e-04
4.051863857374392026e-04
4.051863857374392026e-04
8.103727714748784052e-04
1.215559157212317771e-03
4.051863857374392026e-04
4.051863857374392026e-04
4.051863857374392026e-04
4.051863857374392026e-04
4.051863857374392026e-04
4.051863857374392026e-04
1.215559157212317771e-03
4.051863857374392026e-04
4.051863857374392026e-04
8.103727714748784052e-04
4.051863857374392026e-04
4.051863857374392026e-04
4.051863857374392026e-04
4.051863857374392026e-04
4.051863857374392026e-04
4.051863857374392026e-04
1.620745542949756810e-03
4.051863857374392026e-04
8.103727714748784052e-04
4.051863857374392026e-04
4.051863857374392026e-04
4.051863857374392026e-04
8.103727714748784052e-04
4.051863857374392026e-04
4.051863857374392026e-04
4.051863857374392026e-04
1.620745542949756810e-03
4.051863857374392026e-04
4.051863857374392026e-04
1.215559157212317771e-03
4.051863857374392026e-04
4.051863857374392026e-04
4.051863857374392026e-04
1.620745542949756810e-03
4.051863857374392026e-04
4.051863857374392026e-04
1.215559157212317771e-03
4.051863857374392026e-04
1.620745542949756810e-03
4.051863857374392026e-04
4.051863857374392026e-04
4.051863857374392026e-04
4.051863857374392026e-04
4.051863857374392026e-04
1.620745542949756810e-03
8.103727714748784052e-04
4.051863857374392026e-04
4.051863857374392026e-04
4.051863857374392026e-04
3.646677471636953095e-03
4.051863857374392026e-04
4.051863857374392026e-04
4.051863857374392026e-04
4.051863857374392026e-04
4.051863857374392026e-04
4.051863857374392026e-04
8.103727714748784052e-04
4.051863857374392026e-04
4.051863857374392026e-04
8.103727714748784052e-04
1.215559157212317771e-03
1.215559157212317771e-03
4.051863857374392026e-04
4.051863857374392026e-04
4.051863857374392026e-04
2.025931928687196067e-03
4.051863857374392026e-04
4.051863857374392026e-04
8.103727714748784052e-04
1.134521880064829832e-02
4.051863857374392026e-04
8.103727714748784052e-04
4.051863857374392026e-04
4.051863857374392026e-04
4.051863857374392026e-04
8.103727714748784052e-04
4.051863857374392026e-04
4.051863857374392026e-04
8.103727714748784052e-04
4.051863857374392026e-04
4.051863857374392026e-04
1.215559157212317771e-03
4.051863857374392026e-04
4.051863857374392026e-04
4.051863857374392026e-04
8.103727714748784052e-04
4.051863857374392026e-04
4.051863857374392026e-04
1.620745542949756854e-02
4.051863857374392026e-04
4.051863857374392026e-04
4.051863857374392026e-04
4.051863857374392026e-04
4.051863857374392026e-04
8.103727714748784052e-04
2.025931928687196067e-03
4.051863857374392026e-04
1.620745542949756810e-03
8.103727714748784052e-04
4.051863857374392026e-04
8.103727714748784052e-04
4.051863857374392026e-04
4.051863857374392026e-04
8.103727714748784052e-04
1.215559157212317771e-03
1.620745542949756810e-03
1.215559157212317771e-03
8.103727714748784052e-04
5.267423014586709688e-03
4.051863857374392026e-04
4.051863857374392026e-04
8.103727714748784052e-04
4.051863857374392026e-04
4.051863857374392026e-04
4.051863857374392026e-04
4.051863857374392026e-04
4.051863857374392026e-04
4.051863857374392026e-04
8.103727714748784052e-04
4.051863857374392026e-04
4.051863857374392026e-04
4.051863857374392026e-04
8.103727714748784052e-04
4.051863857374392026e-04
4.051863857374392026e-04
4.051863857374392026e-04
4.051863857374392026e-04
4.051863857374392026e-04
4.051863857374392026e-04
8.103727714748784052e-04
8.103727714748784052e-04
8.103727714748784052e-04
4.051863857374392026e-04
8.103727714748784052e-04
4.051863857374392026e-04
4.051863857374392026e-04
4.051863857374392026e-04
4.051863857374392026e-04
4.051863857374392026e-04
4.051863857374392026e-04
4.051863857374392026e-04
8.103727714748784052e-04
4.051863857374392026e-04
8.103727714748784052e-04
4.051863857374392026e-04
4.051863857374392026e-04
4.051863857374392026e-04
8.103727714748784052e-04
4.051863857374392026e-04
4.051863857374392026e-04
1.215559157212317771e-03
4.051863857374392026e-04
4.051863857374392026e-04
4.051863857374392026e-04
2.431118314424635541e-03
2.025931928687196067e-03
4.051863857374392026e-04
8.103727714748784052e-04
4.051863857374392026e-04
4.051863857374392026e-04
4.051863857374392026e-04
4.051863857374392026e-04
4.051863857374392026e-04
4.051863857374392026e-04
4.051863857374392026e-04
2.431118314424635541e-03
4.051863857374392026e-04
4.051863857374392026e-04
8.103727714748784052e-04
4.051863857374392026e-04
4.051863857374392026e-04
4.051863857374392026e-04
8.103727714748784052e-04
4.051863857374392026e-04
4.051863857374392026e-04
4.051863857374392026e-04
4.051863857374392026e-04
4.051863857374392026e-04
4.051863857374392026e-04
4.051863857374392026e-04
4.051863857374392026e-04
4.051863857374392026e-04
1.215559157212317771e-03
4.051863857374392026e-04
4.051863857374392026e-04
4.051863857374392026e-04
4.051863857374392026e-04
4.051863857374392026e-04
4.051863857374392026e-04
4.051863857374392026e-04
4.051863857374392026e-04
4.051863857374392026e-04
4.051863857374392026e-04
4.051863857374392026e-04
4.051863857374392026e-04
4.051863857374392026e-04
1.215559157212317771e-03
4.051863857374392026e-04
4.051863857374392026e-04
2.025931928687196067e-03
8.103727714748784052e-04
4.051863857374392026e-04
8.103727714748784052e-04
4.051863857374392026e-04
4.051863857374392026e-04
4.051863857374392026e-04
9.724473257698542164e-03
4.051863857374392026e-04
4.051863857374392026e-04
1.620745542949756810e-03
2.025931928687196067e-03
4.862236628849271082e-03
4.051863857374392026e-04
8.103727714748784052e-04
4.051863857374392026e-04
8.103727714748784052e-04
8.103727714748784052e-04
8.103727714748784052e-04
4.051863857374392026e-04
8.103727714748784052e-04
4.051863857374392026e-04
4.051863857374392026e-04
4.051863857374392026e-04
1.215559157212317771e-03
4.051863857374392026e-04
4.051863857374392026e-04
4.051863857374392026e-04
4.051863857374392026e-04
4.051863857374392026e-04
1.620745542949756810e-03
1.215559157212317771e-03
4.051863857374392026e-04
4.051863857374392026e-04
4.051863857374392026e-04
8.103727714748784052e-04
4.051863857374392026e-04
4.051863857374392026e-04
4.051863857374392026e-04
8.103727714748784052e-04
4.051863857374392026e-04
4.051863857374392026e-04
4.051863857374392026e-04
4.051863857374392026e-04
4.051863857374392026e-04
4.051863857374392026e-04
4.051863857374392026e-04
8.103727714748784052e-04
4.051863857374392026e-04
4.051863857374392026e-04
8.103727714748784052e-04
4.051863857374392026e-04
4.051863857374392026e-04
4.051863857374392026e-04
4.051863857374392026e-04
4.051863857374392026e-04
8.103727714748784052e-04
4.051863857374392026e-04
2.836304700162074581e-03
3.606158833063208974e-02
4.051863857374392026e-04
8.103727714748784052e-04
4.051863857374392026e-04
1.620745542949756810e-03
8.103727714748784052e-04
4.051863857374392026e-04
1.620745542949756810e-03
4.051863857374392026e-04
4.051863857374392026e-04
2.025931928687196067e-03
4.051863857374392026e-04
4.051863857374392026e-04
8.103727714748784052e-04
4.051863857374392026e-04
4.051863857374392026e-04
2.025931928687196067e-03
4.051863857374392026e-04
4.051863857374392026e-04
4.051863857374392026e-04
4.051863857374392026e-04
8.103727714748784052e-04
4.051863857374392026e-04
4.051863857374392026e-04
2.431118314424635541e-03
1.215559157212317771e-03
4.051863857374392026e-04
8.103727714748784052e-04
5.672609400324149162e-03
4.051863857374392026e-04
4.051863857374392026e-04
1.215559157212317771e-03
4.051863857374392026e-04
4.051863857374392026e-04
8.103727714748784052e-04
4.051863857374392026e-04
4.051863857374392026e-04
4.051863857374392026e-04
4.051863857374392026e-04
8.103727714748784052e-04
4.051863857374392026e-04
1.620745542949756810e-03
4.051863857374392026e-04
4.862236628849271082e-03
7.698541329011344796e-03
4.051863857374392026e-04
4.051863857374392026e-04
4.051863857374392026e-04
1.620745542949756854e-02
4.051863857374392026e-04
4.051863857374392026e-04
4.051863857374392026e-04
4.051863857374392026e-04
1.215559157212317771e-03
4.051863857374392026e-04
4.051863857374392026e-04
8.103727714748784052e-04
4.051863857374392026e-04
4.051863857374392026e-04
1.620745542949756810e-03
4.051863857374392026e-04
8.103727714748784052e-04
4.051863857374392026e-04
4.051863857374392026e-04
4.051863857374392026e-04
4.051863857374392026e-04
4.051863857374392026e-04
4.051863857374392026e-04
1.215559157212317771e-03
4.051863857374392026e-04
4.051863857374392026e-04
4.051863857374392026e-04
4.051863857374392026e-04
4.051863857374392026e-04
4.051863857374392026e-04
4.051863857374392026e-04
2.025931928687196067e-03
4.051863857374392026e-04
4.051863857374392026e-04
4.051863857374392026e-04
8.103727714748784052e-04
6.320907617504051279e-02
8.103727714748784052e-04
1.620745542949756810e-03
4.051863857374392026e-04
8.103727714748784052e-04
4.051863857374392026e-04
4.051863857374392026e-04
8.103727714748784052e-04
8.103727714748784052e-04
4.051863857374392026e-04
4.051863857374392026e-04
4.051863857374392026e-04
4.051863857374392026e-04
4.051863857374392026e-04
8.103727714748784052e-04
4.051863857374392026e-04
4.051863857374392308e-02
4.051863857374392026e-04
4.051863857374392026e-04
4.051863857374392026e-04
4.051863857374392026e-04
1.620745542949756810e-03
1.215559157212317771e-03
4.051863857374392026e-04
4.051863857374392026e-04
8.103727714748784052e-04
8.103727714748784052e-04
4.051863857374392026e-04
4.051863857374392135e-03
4.051863857374392026e-04
1.215559157212317771e-03
4.051863857374392026e-04
4.051863857374392026e-04
4.051863857374392026e-04
4.051863857374392026e-04
4.051863857374392026e-04
8.103727714748784052e-04
4.051863857374392026e-04
4.051863857374392026e-04
4.051863857374392026e-04
4.051863857374392026e-04
4.051863857374392026e-04
8.103727714748784052e-04
4.051863857374392026e-04
8.103727714748784052e-04
4.051863857374392026e-04
4.051863857374392026e-04
4.051863857374392026e-04
8.103727714748784052e-04
4.051863857374392026e-04
8.103727714748784052e-04
4.051863857374392026e-04
4.051863857374392026e-04
1.620745542949756810e-03
4.051863857374392026e-04
4.051863857374392026e-04
4.051863857374392026e-04
4.051863857374392026e-04
4.051863857374392026e-04
4.051863857374392026e-04
8.103727714748784052e-04
4.051863857374392026e-04
4.051863857374392026e-04
4.051863857374392026e-04
8.103727714748784052e-04
8.103727714748784052e-04
2.431118314424635541e-03
8.103727714748784052e-04
8.103727714748784052e-04
4.051863857374392026e-04
4.051863857374392026e-04
1.215559157212317771e-03
4.051863857374392026e-04
8.103727714748784052e-04
4.051863857374392026e-04
4.051863857374392026e-04
4.051863857374392026e-04
2.025931928687196067e-03
8.914100486223663217e-03
4.051863857374392026e-04
8.103727714748784052e-04
4.051863857374392026e-04
4.051863857374392026e-04
4.051863857374392026e-04
4.051863857374392026e-04
8.508914100486222876e-03
2.431118314424635541e-03
4.051863857374392026e-04
8.103727714748784052e-04
4.051863857374392026e-04
4.051863857374392026e-04
4.051863857374392135e-03
8.103727714748784052e-04
8.103727714748784052e-04
4.051863857374392135e-03
4.051863857374392026e-04
4.051863857374392026e-04
2.714748784440842652e-02
4.051863857374392026e-04
8.103727714748784052e-04
8.103727714748784052e-04
4.051863857374392026e-04
4.051863857374392026e-04
4.051863857374392026e-04
4.051863857374392026e-04
1.215559157212317771e-03
4.051863857374392026e-04
4.051863857374392026e-04
1.620745542949756810e-03
4.051863857374392026e-04
4.051863857374392026e-04
4.051863857374392026e-04
1.215559157212317771e-03
4.051863857374392026e-04
1.215559157212317771e-03
4.051863857374392026e-04
4.051863857374392026e-04
4.051863857374392026e-04
4.051863857374392026e-04
4.051863857374392026e-04
4.051863857374392026e-04
1.620745542949756810e-03
1.215559157212317771e-03
4.051863857374392026e-04
8.103727714748784052e-04
8.103727714748784052e-04
4.051863857374392026e-04
4.051863857374392026e-04
4.051863857374392026e-04
4.457050243111831608e-03
4.051863857374392026e-04
4.051863857374392026e-04
8.103727714748784052e-04
4.051863857374392026e-04
8.103727714748784052e-04
8.103727714748784052e-04
7.293354943273906189e-03
4.051863857374392026e-04
8.103727714748784052e-04
2.431118314424635541e-03
8.103727714748784052e-04
3.241491085899513621e-03
4.051863857374392026e-04
1.215559157212317771e-03
4.051863857374392026e-04
4.051863857374392026e-04
8.103727714748784052e-04
4.051863857374392026e-04
4.051863857374392026e-04
4.051863857374392026e-04
2.431118314424635541e-03
2.836304700162074581e-03
4.051863857374392026e-04
8.103727714748784052e-04
4.051863857374392026e-04
4.051863857374392026e-04
1.215559157212317771e-03
4.051863857374392026e-04
4.051863857374392026e-04
4.051863857374392026e-04
8.103727714748784052e-04
8.103727714748784052e-04
4.051863857374392026e-04
1.215559157212317771e-03
4.051863857374392026e-04
4.051863857374392026e-04
2.025931928687196067e-03
5.672609400324149162e-03
4.051863857374392026e-04
1.620745542949756810e-03
4.051863857374392026e-04
4.051863857374392026e-04
4.051863857374392026e-04
8.103727714748784052e-04
1.377633711507293343e-02
4.051863857374392026e-04
5.267423014586709688e-03
4.051863857374392026e-04
3.646677471636953095e-03
4.051863857374392026e-04
1.215559157212317771e-03
4.051863857374392026e-04
1.620745542949756810e-03
8.103727714748784052e-04
4.051863857374392026e-04
1.215559157212317771e-03
8.103727714748784052e-04
8.103727714748784052e-04
4.051863857374392026e-04
3.646677471636953095e-03
8.103727714748784052e-04
4.051863857374392026e-04
4.051863857374392026e-04
4.051863857374392026e-04
8.103727714748784052e-04
4.051863857374392026e-04
4.051863857374392026e-04
4.051863857374392026e-04
1.215559157212317771e-03
8.103727714748784052e-04
8.103727714748784052e-04
8.103727714748784052e-04
4.051863857374392026e-04
8.103727714748784052e-04
8.103727714748784052e-04
4.051863857374392026e-04
8.103727714748784052e-04
2.431118314424635541e-03
3.646677471636953095e-03
